0,0
899,0
625,0
996,0
736,0
161,0
633,0
413,0
162,0
294,0
35,0
175,0
699,0
635,0
431,0
703,0
959,0
140,0
854,0
540,0
33,0
65,0
504,0
268,0
66,0
227,0
634,0
229,0
230,0
260,0
538,0
134,0
297,0
468,0
36,0
67,0
233,0
234,0
263,0
432,0
442,0
44,0
698,0
446,0
599,0
474,0
701,0
199,0
334,0
630,0
597,0
420,0
470,0
915,0
264,0
499,0
758,0
300,0
496,0
466,0
863,0
165,0
631,0
822,0
282,0
532,0
401,0
536,0
596,0
883,0
761,0
240,0
762,0
355,0
241,0
95,0
983,0
1022,0
1018,0
463,0
563,0
295,0
956,0
826,0
456,0
590,0
720,0
685,0
458,0
592,0
526,0
980,0
392,0
689,0
722,0
876,0
450,0
924,0
652,0
912,0
780,0
816,0
616,0
787,0
830,0
946,0
990,0
521,0
925,0
1021,0
559,0
691,0
296,0
748,0
877,0
886,0
489,0
1006,0
1020,0
903,0
845,0
942,0
951,0
717,0
989,0
329,0
422,0
795,0
486,0
954,0
490,0
919,0
958,0
794,0
894,0
192,0
584,0
549,0
836,0
483,0
576,0
417,0
580,0
772,0
384,0
966,0
840,0
514,0
706,0
640,0
385,0
449,0
705,0
833,0
320,0
518,0
708,0
394,0
481,0
645,0
843,0
352,0
615,0
619,0
461,0
723,0
548,0
776,0
644,0
770,0
480,0
610,0
544,0
577,0
482,0
546,0
738,0
971,0
802,0
737,0
1000,0
805,0
964,0
910,0
128,0
516,0
256,0
578,0
421,0
452,0
289,0
904,0
390,0
582,0
484,0
561,0
513,0
547,0
642,0
545,0
643,0
321,0
391,0
517,0
740,0
453,0
647,0
515,0
581,0
363,0
815,0
781,0
893,0
525,0
649,0
1015,0
686,0
554,0
430,0
587,0
909,0
870,0
932,0
1012,0
655,0
715,0
944,0
835,0
940,0
493,0
868,0
839,0
911,0
965,0
393,0
804,0
807,0
457,0
811,0
872,0
874,0
907,0
1005,0
398,0
933,0
423,0
817,0
812,0
887,0
873,0
1003,0
495,0
429,0
838,0
999,0
846,0
460,0
654,0
522,0
848,0
881,0
914,0
747,0
778,0
809,0
867,0
943,0
552,0
557,0
934,0
1002,0
225,0
529,0
967,0
979,0
913,0
553,0
810,0
328,0
837,0
869,0
707,0
803,0
389,0
397,0
361,0
931,0
939,0
609,0
769,0
675,0
641,0
901,0
871,0
935,0
936,0
997,0
448,0
579,0
672,0
968,0
995,0
1001,0
866,0
969,0
611,0
673,0
528,0
902,0
972,0
973,0
704,0
898,0
832,0
257,0
864,0
929,0
897,0
768,0
930,0
356,0
831,0
800,0
224,0
941,0
970,0
1011,0
765,0
688,0
923,0
905,0
828,0
841,0
892,0
985,0
1008,0
955,0
1017,0
325,0
357,0
485,0
555,0
827,0
362,0
617,0
975,0
523,0
745,0
771,0
977,0
657,0
1010,0
585,0
861,0
454,0
858,0
796,0
425,0
908,0
974,0
462,0
656,0
779,0
900,0
648,0
842,0
849,0
659,0
524,0
862,0
986,0
716,0
918,0
798,0
957,0
988,0
829,0
813,0
844,0
978,0
949,0
627,0
917,0
950,0
987,0
981,0
1,1
43,1
3,1
9,1
163,1
665,1
226,1
129,1
629,1
10,1
697,1
331,1
662,1
664,1
68,1
164,1
166,1
196,1
367,1
693,1
133,1
228,1
258,1
6,1
64,1
107,1
204,1
262,1
76,1
790,1
270,1
336,1
600,1
821,1
32,1
141,1
172,1
236,1
459,1
622,1
69,1
99,1
98,1
301,1
75,1
137,1
789,1
568,1
700,1
290,1
368,1
632,1
322,1
726,1
725,1
41,1
594,1
206,1
215,1
100,1
108,1
399,1
292,1
195,1
471,1
396,1
820,1
101,1
259,1
791,1
427,1
438,1
29,1
591,1
1014,1
742,1
819,1
782,1
193,1
788,1
710,1
261,1
603,1
814,1
419,1
653,1
683,1
626,1
755,1
679,1
288,1
676,1
416,1
487,1
618,1
583,1
774,1
678,1
773,1
621,1
613,1
713,1
741,1
777,1
998,1
677,1
743,1
714,1
63,1
424,1
428,1
947,1
589,1
560,1
623,1
451,1
921,1
494,1
455,1
418,1
783,1
690,1
746,1
612,1
880,1
674,1
938,1
426,1
749,1
878,1
684,1
492,1
527,1
847,1
586,1
808,1
650,1
718,1
879,1
131,1
806,1
558,1
719,1
754,1
1013,1
556,1
501,1
388,1
784,1
850,1
132,1
953,1
160,1
551,1
588,1
793,1
646,1
712,1
353,1
386,1
724,1
358,1
550,1
709,1
614,1
359,1
775,1
512,1
608,1
1004,1
801,1
360,1
682,1
711,1
681,1
30,1
571,1
786,1
402,1
181,1
335,1
533,1
488,1
620,1
750,1
313,1
624,1
692,1
293,1
530,1
792,1
235,1
601,1
302,1
333,1
407,1
232,1
473,1
237,1
337,1
602,1
303,1
411,1
593,1
824,1
884,1
882,1
208,1
248,1
404,1
637,1
885,1
209,1
440,1
324,1
441,1
853,1
2,1
628,1
695,1
130,1
661,1
103,1
135,1
4,1
194,1
200,1
982,1
173,1
330,1
70,1
660,1
332,1
34,1
102,1
663,1
694,1
696,1
5,1
502,1
139,1
595,1
562,1
171,1
298,1
364,1
136,1
167,1
365,1
205,1
395,1
1023,1
168,1
269,1
570,1
7,2
11,2
148,2
12,2
19,2
253,2
115,2
119,2
157,2
109,2
147,2
276,2
118,2
58,2
22,2
57,2
189,2
113,2
818,2
49,2
106,2
201,2
138,2
307,2
14,2
319,2
221,2
255,2
51,2
114,2
207,2
83,2
191,2
223,2
339,2
146,2
179,2
406,2
45,2
81,2
190,2
143,2
182,2
408,2
176,2
16,2
156,2
82,2
90,2
287,2
184,2
152,2
188,2
573,2
17,2
55,2
572,2
87,2
121,2
89,2
405,2
123,2
318,2
415,2
283,2
186,2
124,2
286,2
155,2
185,2
187,2
217,2
252,2
251,2
351,2
20,2
222,2
21,2
378,2
254,2
23,2
151,2
50,2
117,2
52,2
53,2
104,2
218,2
122,2
153,2
349,2
605,2
216,2
604,2
348,2
414,2
84,2
317,2
437,2
220,2
219,2
381,2
284,2
285,2
542,2
8,2
344,2
40,2
242,2
48,2
312,2
144,2
212,2
375,2
377,2
308,2
112,2
310,2
211,2
373,2
244,2
277,2
311,2
178,2
341,2
374,2
145,2
210,2
343,2
376,2
54,2
372,2
85,2
15,2
46,2
79,2
170,2
278,2
340,2
78,2
342,2
18,2
309,2
72,2
243,2
239,2
245,2
56,2
86,2
116,2
88,2
345,2
383,2
202,2
279,2
120,2
316,2
250,2
154,2
350,2
382,2
13,3
159,3
93,3
28,3
338,3
26,3
503,3
125,3
92,3
61,3
47,3
59,3
213,3
71,3
149,3
569,3
24,3
142,3
158,3
214,3
77,3
110,3
80,3
150,3
410,3
38,3
39,3
27,3
62,3
948,3
180,3
126,3
991,3
387,3
857,3
927,3
246,3
94,3
916,3
37,3
127,3
952,3
1016,3
169,3
984,3
519,3
920,3
25,3
346,3
31,3
60,3
91,3
347,3
447,3
249,3
379,3
280,3
851,3
281,3
636,3
469,3
479,3
785,3
752,3
721,3
271,3
314,3
380,3
651,3
753,3
520,3
751,3
744,3
315,3
500,3
680,3
756,3
73,3
105,3
852,3
111,3
174,3
203,3
247,3
177,3
366,3
472,3
238,3
183,3
409,3
42,4
304,4
274,4
565,4
400,4
443,4
445,4
670,4
730,4
475,4
509,4
511,4
567,4
272,4
305,4
403,4
435,4
539,4
505,4
197,4
497,4
732,4
667,4
731,4
855,4
265,4
498,4
369,4
306,4
436,4
323,4
198,4
267,4
275,4
541,4
231,4
537,4
638,4
671,4
266,4
575,4
564,4
566,4
669,4
444,4
639,4
668,4
476,4
535,4
508,4
510,4
477,4
543,4
598,4
895,4
733,4
735,4
412,4
433,4
823,4
465,4
467,4
478,4
729,4
299,4
464,4
606,4
728,4
607,4
74,4
760,4
764,4
371,4
727,4
856,4
291,4
759,4
439,4
354,4
531,4
370,4
434,4
702,4
888,4
96,5
326,5
739,5
658,5
906,5
937,5
1007,5
875,5
945,5
976,5
926,5
491,5
1019,5
687,5
859,5
1009,5
799,5
766,5
797,5
767,5
890,5
834,5
963,5
327,5
860,5
922,5
891,5
763,5
994,5
992,5
960,5
865,5
896,5
962,5
993,5
97,5
273,5
574,5
825,5
666,5
889,5
734,5
757,5
928,5
961,5
506,5
507,5
534,5
